* Assignment 1 grades
* Columns:
* id grade

0002  78.42
0011  56.12
0020  84.34
0024  60.93
0029  46.75
0034  35.28
0041  78.59
0045  91.47
0050  88.92
0057  47.58
0063  95.15
0067  21.32
0074  68.12
0078  53.26
0084  15.46
0091  92.17
0098  76.04
0105  36.29
0113  82.50
0120  88.93
0127  69.49
0133  57.62
0141  29.73
0150  48.65
0157  80.24
0166  62.57
0171  19.45
0179  98.32
0186  65.90
0193  73.18
0200  38.11
0207  15.78
0215  55.73
0221  42.91
0229  27.34
0236  94.52
0244  63.79
0253  77.06
0261  51.17
0268  45.63
0276  80.03
0284  71.24
0291  12.48
0299  94.66
0307  82.95
0315  89.73
0322  52.81
0330  39.58
0335  58.49
0341  14.22
0349  47.11
0355  33.76
0360  78.36
0369  26.27
0376  49.90
0382  54.11
0389  61.95
0395  85.30
0403  73.61
0410  67.84
0416  19.78
0423  58.25
0428  62.17
0434  47.90
0439  13.28
0447  36.50
0455  89.17
0463  52.93
0470  80.50
0478  75.93
0482  97.80
0490  68.63
0498  77.89
0503  29.76
0512  100.0
0517  74.82
0523  18.22
0530  15.64
0536  93.48
0543  69.75
0549  21.90
0555  37.28
0563  24.33
0570  51.10
0576  49.88
0583  63.74
0591  35.81
0600  92.61
0606  50.33
0613  61.67
0617  47.38
0625  87.42
0631  68.81
0638  33.54
0645  29.87
0653  72.66
0660  38.99
0668  52.53
0676  41.71
0684  100.0
0692  75.08
0698  86.99
0703  69.88
0711  3.15
0716  30.57
0722  45.28
0730  49.85
0738  17.93
0744  82.50
0750  12.17
0756  57.99
0763  49.27
0771  26.50
0778  94.74
0785  32.19
0793  59.92
0801  67.31
0809  44.12
0818  1.93
0825  75.17
0832  27.49
0837  9.92
0846  15.93
0851  74.69
0856  82.24
0863  59.35
0872  100.0
0878  97.88
0885  31.40
0893  6.92
0899  87.13
0904  50.19
0912  68.53
0925  44.71
0936  28.43
0947  80.57
0952  26.38
0968  16.74
0979  63.14
0986  22.53
0993  34.71